   0    1    2    3    4    5    6    7    8    9   10   11   12   13   14   15   16   17   18   19   20   21   22   23   24   25   26   27   28   29   30   31   32   33   34   35   36   37   38   39   40
  32                                                   1397    0  598 3980  204    0 3950 1566 2862    0 3415 2078    0  593 2265  923  888  699    6                                                     32
  31                     1099  786  462 2495  318 3405 1099 2691 3910 3993  383 2920 3933  802 1376    0 2108 1659  930  288  334 2719    0    0 3602 1169 3998 2738 1791 1261                            31
  30         0  437 3523 2012  566  779 1638  283  101 3999    0 3889 2897 3360 1767 3974  185 2169  532    0 1895  166  380  919 1129  471                                                               30
  29      2102 1541  702  776  427 2482    0 3953 3424  218    0  180 1509    0  665 1092 2519    0 1492   16              0  324 3313  113 2750 1295    0  745    0    3    4           3945 2819        29
  28 3946  551  882  668   80           3910    0    0  879    0 1517    0  766    0 1226 1659 1117  350 1083 3921 2496  330 1906 2018  160    0  246 1286        23  826  924  145 3079    0    0    0   28
  27      1546  865 1862  890 1885 3223 1226 1520 2914    0 1450 2444 2772 1122  728 1846 2948 1680 2438      1090 3833 2963         0    0 1799 1610  682 1070    0    0 3577  928    0 2520 2135 3948   27
  26 2213    0    0 1510 2418    0  544 3920 3513 1980 3844 1637 3686 1410 1718      3986 2151 1930 2888 1403 2267    0 2225 1548  973 3972  722  171  911 3826 3014  794 2089 3157 1382 3265 1236 2467   26
  25  456  554    0 2082 1757      1130         0 1105   93 1283                     1955   90  502 2903  480  459 1484 1948  441    0 1617 2003    0 2032  451 3963  530  225    0    0 1218 1137 2215   25
  24 2230    0 3189 2785 1488 2494 1895 3540 3999 2325 1232  573 2391 1472 2128 1960    0 1032    0 1088 1378 1478 3023  271  941 3615 2616 2732  302  231      2425 1102 1203  975  433 2171  542  737   24
  23    0 3119    0    0 3924    0 1625    0 1046 3876       472 3670    0 3343 2395 2248 2765   62  132  672 1262    0  686 2079 1624 1969 2743    0  698 1230  522  740 1005  677 3297 1920  889  635   23
  22 1247  414 1672 1554 1716 1420  225 3115 3641 2345    0 1117 3082 1692    0 3101    0 3109 1087 3170      3922  128 2631 1803 1079 1322 3197 1926  810 1741 1001  333 1180 1768 1309 3786 1234 1300   22
  21 1913  800 2831 1767      1433    0 1248 3983 1604                                                                                           2997      2998  414 1049 2086  442 2155 1863 1962 1736   21
  20 1539  963  486  550 1696  281   73 1470      1212 1375                                                                                      1430 3108 1165 1345  931 1155  987 1645 3895      2481   20
  19 3308 1025    0 2038    0 2530 3245 1757 1120 1254    0                                                                                      1815  579  810 1244 1474 1330 1596 1593 2234 2490 3666   19
  18      1046 1323  361  833 2299 1572 2616      1725  566                                                                                       897  748 2642  447  927 3177  243      3624 1192 1985   18
  17 3895 2918 3092      3406  106    0      2962  857 1700                                                                                      1414 1020 1070 1873 1816 3892 2016    0 1699 1235 1142   17
  16  224  202  133   50   83   92  131   89         2  220                                                                                       168   41 1947  420                   4  752 3965 1007   16
  15   58       100  217    2   35   46   77         5   34                                                                                       586  190 1827 1458  832 1277  319      2053      1762   15
  14  158   71   56   10   25  121   84       113  112  107                                                                                         0 1232 3379  382 3761 3878 2116 2734  290  749 1761   14
  13  110   44  118  151                                                                                                                                      1                                           13
  12    1                                                 0                                                                                      1652  353 1060 1171  813 1638 1622  976 1013 1869        12
  11       117  122   56    2  148  185        54  113   92   19  194  168    7       304  392   23  106 3445  497  478  514  313  399   74 1968    0  818 1344 3631 1145 1095 2442  996  472  458  725   11
  10  123    9  150   11  112       109  123   79  140   24   42   86  140   92       153   27   15  268  104  792  136 1402 2593    0 2259 2287 2093 2242 2651 1057  945 1136 1255 2737 3965 1245 2384   10
   9  192  128  114        51   36    5        43  127   22  139        49  340  132   58   51   37  132  512  151  591 1580 2507      2384 1591  342 1888  819       223  765   58                2660    9
   8   53   45  120   72   81  118   44        85   33   96   81  123   75   99  104       130  137  173  804 2511 2875  507 2479 1807  933  876      1008  115      2755           1898  715  159  237    8
   7  135  115  112   39   73  132   40   85   93   96   59  169   82  328   61  155  168  136   65   59  468 1117 1548 2180 1013 1843 1044 1882 1211 1080 1422 2867 1004  762  670 2982 1685 3944  973    7
   6        29  106  134  117   37   49   29   22   43  106  200   73   61  199  210  228  242  281  166 1902  862  588  600 1571  392 1764  516  542 1717  515 1904  629  580 1531  575  628   51 1627    6
   5  175   96  312   81        18  114  112  163   64   66   90  158        36  137  104    5  101   12 1931 1537 1728  183  346  217  684  302  479  159  442  440  260  108  320  542  181 1161  279    5
   4       260   24  102       229        32   30             26  192  264  316   94    9  316   23   14   73  412  288  148  138  348   94  321  277       858    7  312  103  418  342  252   78         4
   3        15            148       137   35   14   35   51   99       255  144  281       183  424    8  255  444   46  165  828  343  285   10  257   56   37 1245   39   66  261   50  556  223         3
   2                             9   36  405  215   32  753    2       151   92   41    6   54   76   46  252  240  427  295  276   71  305   27  448   33  307  436  500  263   44                        2
   1                                                     14   63   26         3  231  160        58   33  242  198   78  204  111   79  281  614  257                                                      1
   0    1    2    3    4    5    6    7    8    9   10   11   12   13   14   15   16   17   18   19   20   21   22   23   24   25   26   27   28   29   30   31   32   33   34   35   36   37   38   39   40
