        1    2    3    4    5    6    7    8    9   10   11   12   13   14   15   16   17   18   19   20   21   22   23   24   25   26   27   28   29   30   31   32   33   34   35   36   37   38   39     
  32    0    0    0    0    0    0    0    0    0    0   31    0  159  113   32    0  142   62   13    0    0  122   65    0    0   63   32    0    0    0    0    0    0    0    0    0    0    0    0   32
  31    0    0    0    0  149  109   71   28  183    3   52    0  181   96   68   18  156   92   35    0    0    0   15    0    0    0   47    0    0    0  100   45    1    0  107    0    0    0    0   31
  30    0   24    0    0  182    6    0    0   69   54   94    0  203  119  161   58  119   71    0    0   48    0    0  203   63    0    0  102   63    7    0  154   95   27    0  109   48    3    0   30
  29    0   92   34    0  117   65   27    0  140  114    0    0  120   36    0    0  122   45   58    0  152   40    0    0  118   50    4    0  102   64    0    0  132   10    0    0  149   36    0   29
  28  136    7    0    0   66   10    0    0    0    5    0    0    8    5    0    0  130   23    0    0    0  171   78    8    0    0    0    0    0    0    0    0    0  593    0    0    0    0    0   28
  27   42    4    0    0   39   11    0    0  112   53    0    0   86    0    0    0   20    0    0    0    0    0    0    0    0    0    0    0    0    0  276    0    0    0  216   82   68   73  145   27
  26   96   61    1    0  123   78   24    0  122   78   35    0   74   18    0    0  107    0   60    0   29    0    0  146   88   45    0   72    0    0    0  224  101   25    0  167   78   16    0   26
  25  129  100    0    6  181  141   48    0   78    1    0    0    0    0    0    0  101  218   56  153    6    0   84   54   56   14    0   68   55   29    0  149   62   23    0   55    7    0    0   25
  24  177   46    8    0   50    0    0   62   95  165    0    0    9    0    0    0   27   77    0    0  135   62    0   64   28    0    0  108   29    0    0  167   66   38    0   48   13    0    0   24
  23   36    0    0    7  173    4    0    0   56    0    0    0    0    0    0    0    0   18   70   30    0    0   25   65   76   16    0   17   13    0    0   90   12    0    0   57   14    0    0   23
  22   47    0   13    0   91    2    0    0   94   89   29    0  115   67    8    0    0    0    0   84    7    0   45   68   13    0    0  181   41    0    0   86   34    0    0   68   27    0    0   22
  21  133  100    0    0    0 2498 4095 2295  110   83   46    0    0    0    0    0    0    0    0    0    0    0    0    0    0    0    0    0   24    0    0   78   25   75    0  100   37    0    0   21
  20    0    0    0    0    0    0  525    0    0    0    0    0    0    0    0    0    0    0    0    0    0    0    0    0    0    0    0    0   96   16    0    0   98    0    0    0  197   67    0   20
  19    0    0    0    0    0  167   83   58    0  244   77    0    0    0    0    0    0    0    0    0    0    0    0    0    0    0    0    0    0   85   18    0    0    0   25    0    0    0   29   19
  18  160   64   55    0  131   81   37    3  169   90   37    0    0    0    0    0    0    0    0    0    0    0    0    0    0    0    0    0  221  130   65    0   53   25    0    0  119   84   52   18
  17  198   94   49    0  137   50   46    0  163   68   33    0    0    0    0    0    0    0    0    0    0    0    0    0    0    0    0    0    0  201  112   53    0  201  116   70   30  118  103   17
  16    0  186   75   10    0  175   91   10    0  142   72    0    0    0    0    0    0    0    0    0    0    0    0    0    0    0    0    0   52    0    0   94   89   64    0   23    0    0    0   16
  15    8    0   74   57    0    0   79   63   11    0    0    0    0    0    0    0    0    0    0    0    0    0    0    0    0    0    0    0   81    0    0    0   44    0    0    0   85   19    0   15
  14  166   73   44    0  130   83   11    0  164   73   51    0    0    0    0    0    0    0    0    0    0    0    0    0    0    0    0    0   89    0    0    0    0    0    0    0  105  138   70   14
  13    0  172  106   71    0    0    0    0    0    0    0    0    0    0    0    0    0    0    0    0    0    0    0    0    0    0    0    0   50  146  175    0    0   73    0    0    0  233  183   13
  12    0    0    0    0    0    0    0    0    0    0    0    0    0    0    0    0    0    0    0    0    0    0    0    0    0    0    0    0   65    7    0  258  136   92   51  168   76   23    0   12
  11   95   41    0    0  145   43   16    0  119   34    7    0  109   48    0    0    0    0    0  102   94   85  140  160  110   79    0   33    0    0    0   84   77    0    0  175   64    0    0   11
  10  157   60   19    0  155   75   51    0  130   65   11    0  148   65    0    0    0   11   44   73   95   91    0   80   27    0    0   27   29    0    0  108   62    0    0  187  126   36    0   10
   9  167   81    7    0  179   57   39    0  194   67   32    0   93   29    0    0   41    0    0    0   56   74   76   31   37    0    0    0    0    0    0    0    0    0    0    0    0    0    3    9
   8   51   24    0    0    0    5    0    0  152   72   16    0  122   95    6    0    0   24    0    0   44   47   34    0    0    0    0    0    0    0    0    0    0    0    0   96   46   14    0    8
   7   96   48    0    0  193   96   74    1  193  137   48   18   75   70   19    0   56   60   28  124   74   19    0  124   63   10    0  156   89    7    0  109   74    9    0  162   82    7    0    7
   6    0  153   89   83   25  217  146   71   59  118  101   40    3  216  128   37   19  134   73  172   86   28    0  176   82   35    0  199  103   25    0  170   98   25    0   60  102   47    0    6
   5   13    0   26    0    0    0  151   73   25    0  178  102   21    0  161   62   17    0  124   66   62   42    0  195  124  112   36  129  120  102   84  123  120    0   65  154  133   87   91    5
   4    0   34    0  160   60   28    0  131   79    0    0  142   52   22    0  217   66    0    0  147  129   99   85  147  128   99   80  114  102   99   72  120  119   82   67  137   99   84    0    4
   3    0    0    0    0    0    0    0    0    0    0    0    0    0   57    0    0    0   69   44  108   57   64   47  133   93   87   66  228  129   63   47  131  104   38   84  122  104   69    0    3
   2    0    0    0    0    0  166   73   61    0   29    0    0    0   96   34   21    0   84   78  120   55  149   50  138  111   76   55  162   99   61   66  139  110   91   64    0    0    0    0    2
   1    0    0    0    0    0    0    0    0    0    0   33   13    0    0  117   23    0    0  152  159  124   99   83  132  100   84   61  136  112    0    0    0    0    0    0    0    0    0    0    1
        1    2    3    4    5    6    7    8    9   10   11   12   13   14   15   16   17   18   19   20   21   22   23   24   25   26   27   28   29   30   31   32   33   34   35   36   37   38   39     


        1    2    3    4    5    6    7    8    9   10   11   12   13   14   15   16   17   18   19   20   21   22   23   24   25   26   27   28   29   30   31   32   33   34   35   36   37   38   39     
  32    0    0    0    0    0    0    0    0    0    0  122    0  105  132  122    0  132  131  100    0    0  145  158    0    0  153  139    0    0    0    0    0    0    0    0    0    0    0    0   32
  31    0    0    0    0   86   82   85   48   48   66   78    0   69   85   50   78  145  108   92    0    0    0  126    0    0    0  179    0    0    0  111  108  100    0  158    0    0    0    0   31
  30    0   92    0    0  105  129    0    0  105  157  141    0   92  131  121  108   48   85    0    0  156    0    0  157  121    0    0  145  100  111    0  165  140  136    0  119   99  111    0   30
  29    0  111  122    0   85  111  122    0  111   50    0    0   85  100    0    0   99   70   96    0  111  193    0    0  145  129  149    0  157  132    0    0  116  111    0    0  233  111    0   29
  28  173   78    0    0  100  108    0    0   43  108    0    0  108   59    0    0   85   82    0    0    0   96   86  122    0    0    0    0    0    0    0    0    0  140    0    0    0    0    0   28
  27   92  105    0    0   86   82    0    0   78   48    0    0  105    0    0    0  111    0    0    0    0    0    0    0    0    0    0    0    0    0   85    0    0    0   92   59  105   92   50   27
  26   50   99  105    0   92   48  111    0  122   69  108    0   96  119    0    0  169    0  171    0   66    0    0   85   43  100    0  111    0    0    0   59   69   86    0   78  140  108    0   26
  25  126  169    0  172   99   82   43    0  105   50    0    0    0    0    0    0  132   99   69   66  111    0  153  108  100  119    0  105  105  122    0  116  165   92    0   82   69    0    0   25
  24   66   86   85    0   96    0    0  205   86  116    0    0   96    0    0    0  121   92    0    0  163  172    0   69   85    0    0   66  100    0    0   50  105   96    0  108  141    0    0   24
  23  161    0    0   99  100   70    0    0   96    0   33    0    0    0    0    0    0  122   86  171    0    0   86   92   66  165    0  111  140    0    0   92  105    0    0  131  131    0    0   23
  22   92    0   59    0   85  121    0    0   78   50   43    0  147   99  121    0    0    0    0  119   92    0  119  150   78    0    0   50  121    0    0  139   92    0    0   70   86    0    0   22
  21  131   48    0    0    0  569    0  686  111   82   50    0    0    0    0    0    0    0    0    0    0    0    0    0    0    0    0    0  111    0    0   78  108   66    0   66   86    0    0   21
  20    0    0    0    0    0    0  278    0    0    0    0    0    0    0    0    0    0    0    0    0    0    0    0    0    0    0    0    0  169  119    0    0   85    0    0    0  157  119    0   20
  19    0    0    0    0    0   70   70   66    0  158  108    0    0    0    0    0    0    0    0    0    0    0    0    0    0    0    0    0    0   92  165    0    0    0   82    0    0    0  111   19
  18   70   43   59    0  149  139  100   78  147   66   85    0    0    0    0    0    0    0    0    0    0    0    0    0    0    0    0    0   99   96  105    0  108  131    0    0   85  165  105   18
  17  176  136  105    0   96  129   70    0   59   33  100    0    0    0    0    0    0    0    0    0    0    0    0    0    0    0    0    0    0   59   86   78    0  185   99  121  149   59  122   17
  16    0   70   85    0    0  116   92   99    0   86  131    0    0    0    0    0    0    0    0    0    0    0    0    0    0    0    0    0   66    0    0  121  111  116    0  121    0    0    0   16
  15   92    0  111   50    0    0  108  153   70    0    0    0    0    0    0    0    0    0    0    0    0    0    0    0    0    0    0    0   66   33    0    0  126    0    0    0  100  116    0   15
  14  111   99   85    0  131   48   59    0   59  100   85    0    0    0    0    0    0    0    0    0    0    0    0    0    0    0    0    0   92    0    0    0    0    0    0    0  149  105  145   14
  13    0  131  139   86    0    0    0    0    0    0    0    0    0    0    0    0    0    0    0    0    0    0    0    0    0    0    0    0  169  157  100    0    0   78    0    0    0  119  140   13
  12    0    0    0    0    0    0    0    0    0    0    0    0    0    0    0    0    0    0    0    0    0    0    0    0    0    0    0    0   99   69    0   69  116   92   86   96  122   78    0   12
  11  147   59    0    0  100  121   86    0   43  136  121    0   50   70    0    0    0    0    0   59   66   78   50  161   78  158    0  126    0    0    0  150  119    0    0   69   50    0    0   11
  10   96  108   59    0   96   86  108    0   96   59   82    0   86  116    0    0    0  100  158   59   43   59    0  139  121    0    0   48   70    0    0  187  150    0    0  217  150  193    0   10
   9  111   48   70    0   59  100   96    0  111  126   66    0  111  108    0    0   66    0    0    0   33   59   48  193  126    0    0    0    0    0    0    0    0    0    0    0    0    0  100    9
   8  111   96    0    0    0  139    0    0  100   85   78    0  108   99   86    0    0  132    0    0   59   48   59    0    0    0    0    0    0    0    0    0    0    0    0   85   78  116    0    8
   7   82  116    0    0  132  136  119  105   92  158  179  111  180  122  145    0  139   92  129  126   78  119    0  129  121   85    0  145   92  119    0  122  126   85    0   70   92   85    0    7
   6    0   99  100  108   99   50  105  100  126   96   85  141   69   85   69   92  129   59  116   85   86   69    0  147  119  122    0   99  141   99    0  121  150   78    0  132  136  111    0    6
   5   48    0  236   66    0    0  228  122  141    0  156  165  161    0  105  105   86    0  111  111  119  108    0   59   50   69  100   59   43   50   70   43   48    0   50   50   43   70   66    5
   4    0  121    0  139  131   33    0  108   69    0    0  131  108  100    0  153  233    0    0   86   50   59   78   50   33   50   43   50   33   43   70   48   69   43   48   43   48   59    0    4
   3    0    0    0    0    0    0    0    0    0    0    0    0    0  100    0    0    0   69   59   48  380   48   70   33   50   59   48   78   66   66   48   33   43    0   43   50   50   50    0    3
   2    0    0    0    0    0  131   85   48    0   96    0    0    0  132   96  122    0  157  259   33   50   43   48  105   50   48   59   33   69   59   50   50   48   69   66    0    0    0    0    2
   1    0    0    0    0    0    0    0    0    0    0  156   92    0    0  111  111    0    0  597   43   50   50   48   43   59   48   43   33   50    0    0    0    0    0    0    0    0    0    0    1
        1    2    3    4    5    6    7    8    9   10   11   12   13   14   15   16   17   18   19   20   21   22   23   24   25   26   27   28   29   30   31   32   33   34   35   36   37   38   39     
